1 00005U 58002B   15133.47436204  .00000643  00000-0  79124-3 0  9992
2 00005 034.2562 203.3497 1846836 254.7450 084.2450 10.84603663  3137
1 00011U 59001A   15135.45621942  .00001823  00000-0  97120-3 0  9991
2 00011 032.8688 195.7772 1469467 195.6340 159.3694 11.84923971395933
1 00012U 59001B   15134.08512186  .00001793  00000-0  10805-2 0  9999
2 00012 032.9013 021.4380 1667081 012.7741 351.0248 11.43640407309322
1 00016U 58002A   15135.13190287  .00000501  00000-0  69425-3 0  9993
2 00016 034.2678 125.9077 2024238 314.3905 030.7398 10.48508352263520
1 00020U 59007A   15134.63586952  .00003873  00000-0  16082-2 0  9991
2 00020 033.3439 328.2484 1669262 120.1728 257.4702 11.54764298 15362
1 00022U 59009A   15135.74167966  .00004166  00000-0  35286-3 0  9992
2 00022 050.2827 174.3011 0148040 004.5395 355.6855 14.91936162947256
1 00029U 60002B   15135.44790440  .00000940  00000-0  17277-3 0  9996
2 00029 048.3799 084.0193 0024323 198.7808 161.2209 14.73793731944231
1 00045U 60007A   15135.05751943  .00000731  00000-0  20716-3 0  9991
2 00045 066.6952 242.5920 0262221 230.6726 127.0869 14.33341156856047
1 00046U 60007B   15135.20859895  .00001908  00000-0  41189-3 0  9998
2 00046 066.6934 030.9189 0204802 076.8458 285.5413 14.48486600869585
1 00047U 60007C   15134.87043204  .00000419  00000-0  11744-3 0  9990
2 00047 066.6656 088.6469 0234414 225.5258 132.6470 14.41616654866883
1 00050U 60009B   15133.44764476 -.00000104  00000-0 -17391-3 0  9996
2 00050 047.2287 140.2251 0113585 176.9711 183.1787 12.20092168443330
1 00051U 60009C   15135.56682362 -.00000097  00000-0 -11260-3 0  9995
2 00051 047.2139 341.3794 0106208 034.1015 326.6541 12.18255910437348
1 00053U 60009E   15133.39640866 -.00000085  00000-0  00000+0 0  9991
2 00053 047.2762 240.8833 0096827 338.6870 020.9901 12.17165743441763
1 00058U 60013A   15135.51060669  .00000119  00000-0  50443-4 0  9992
2 00058 028.3257 170.4296 0165037 150.8558 210.1311 13.46293021688311
1 00059U 60013B   15134.23828140  .00000129  00000-0  52864-4 0  9997
2 00059 028.2487 058.4954 0189408 145.0523 216.2615 13.52922103694877
1 00082U 61004B   15133.41465983  .00000221  00000-0  23282-3 0  9999
2 00082 038.8544 250.3488 1172492 099.7364 273.7457 12.25695508579298
1 00085U 61004C   15134.03049147  .00020494  00000-0  47643-2 0  9991
2 00085 038.7712 111.0393 0419934 038.5107 324.4831 14.12044751666849
1 00107U 61013A   15134.74033587  .00002511  00000-0  32744-3 0  9992
2 00107 028.7879 239.2622 0555178 016.1847 144.7790 14.06858725703261
1 00115U 60002D   15135.40603799  .00002119  00000-0  28850-3 0  9997
2 00115 048.1653 211.5522 0035596 335.9290 023.9957 14.82048272936880
1 00116U 61015A   15135.85586340  .00000071  00000-0  11315-3 0  9997
2 00116 066.8105 073.8013 0081433 235.3318 124.0068 13.91638006733542
